-68.99999999999999
-68.99999999999999
-68.99999999999999
-68.99999999999999
-68.99999999999999
-68.99999999999999
-68.99999999999999
-68.99999999999999
-68.99999999999999
-68.99999999999999
-68.99999999999999
-68.99999999999999
-68.99999999999999
-68.99999999999999
-68.99999999999999
-68.99999999999999
-68.99999999999999
-68.99999999999999
-68.99999999999999
-68.99999999999999
-68.99999999999999
-68.99999999999999
-68.99999999999999
-68.99999999999999
-68.99999999999999
-68.99999999999999
-68.99999999999999
-68.99999999999999
-68.99999999999999
-68.99999999999999
-68.99999999999999
-68.99999999999999
-80.01010101010097
-80.01010101010097
-80.01010101010097
-80.01010101010097
-80.01010101010097
-80.01010101010098
-80.01010101010098
-80.01010101010098
-80.01010101010098
-80.01010101010098
-80.01010101010098
-80.01010101010098
-80.01010101010098
-80.01010101010098
-80.010101010101
-80.010101010101
-80.010101010101
-80.010101010101
-80.010101010101
-80.010101010101
-80.010101010101
-80.010101010101
-80.010101010101
-80.01010101010101
-80.01010101010101
-80.01010101010101
-80.01010101010101
-80.01010101010101
-80.01010101010101
-80.01010101010101
-80.01010101010101
-80.01010101010102
-80.01010101010102
-90.99999999999999
-90.99999999999999
-90.99999999999999
-90.99999999999999
-90.99999999999999
-90.99999999999999
-90.99999999999999
-90.99999999999999
-90.99999999999997
-90.99999999999997
-90.99999999999997
-90.99999999999997
-90.99999999999997
-90.99999999999997
-90.99999999999997
-90.99999999999997
-90.99999999999997
-90.99999999999997
-90.99999999999997
-90.99999999999997
-90.99999999999997
-90.99999999999997
-90.99999999999997
-90.99999999999996
-90.99999999999996
-90.99999999999996
-90.99999999999996
-90.99999999999996
-90.99999999999996
-90.99999999999996
-90.99999999999996
-90.99999999999996
-80.05882352941174
-80.05098039215683
-80.04313725490194
-80.03529411764703
-80.02745098039213
-80.01960784313722
-80.01176470588231
-80.00392156862742
-79.99607843137251
-79.98823529411762
-79.9803921568627
-79.97254901960781
-79.9647058823529
-79.956862745098
-79.9490196078431
-79.94117647058819
-90.99999999999994
-90.99999999999994
-90.99999999999994
-90.99999999999994
-90.99999999999994
-90.99999999999994
-90.99999999999994
-90.99999999999996
-90.99999999999996
-90.99999999999996
-90.99999999999996
-90.99999999999996
-90.99999999999996
-90.99999999999996
-90.99999999999996
-90.99999999999996
-80.01960784313721
-80.01960784313721
-80.01960784313721
-80.01960784313722
-80.01960784313722
-80.01960784313722
-80.01960784313722
-80.01960784313724
-80.01960784313724
-80.01960784313724
-80.01960784313724
-80.01960784313725
-80.01960784313725
-80.01960784313725
-80.01960784313725
-80.01960784313727
-80.01960784313727
-68.99999999999997
-68.99999999999997
-68.99999999999997
-68.99999999999997
-68.99999999999997
-68.99999999999997
-68.99999999999997
-68.99999999999997
-68.99999999999997
-68.99999999999997
-68.99999999999999
-68.99999999999999
-68.99999999999999
-68.99999999999999
-68.99999999999999
-68.99999999999999
